[32 32 32 32 32 32 30 32 32 32 32 32 32 32 32 32 32 32 32 27 32 32 32 32 28 32 32 32 32 32 28 32]
[32 32 32 28 30 32 32 32 32 30 28 32 32 32 32 30 32 27 32 32 32 32 31 32 32 32]
[32 30 32 31 32 31 32 32 32 32 32 32 32 32 32 32 32 32 32 32 32 31 32 32 32 32 32 32 32 32 32]
[32 30 32 32 32 32 32 32 32 32 32 32 32 32 32 31 32 32 29 32 32 32 32 31 29 32 32]
[29 28 30 28 30 32 25 30 27 32 32 31 26 32 28 30 23 26 31 30 29 27 29 28 32 31 27 29 32 28 32 29]
[32 32 32 32 32 32 32 32 32 32 32 32 32 32 32 32 32 32 32 32 32 32 32 32 32 32 32 32]
[32 32 29 30 28 32 31 29 32 29 29 26 26 24 26 23 27 31 30 26 32 32 24 29 30 32 32]
[29 27 32 31 25 32 30 30 32 23 28 32 31 30 27 29 29 32 30 30 32 27 30 30 30 32 24 31 32 28 30 23]
[31 31 31 29 29 32 31 32 32 30 31 25 22 28 32 32 32 32 31 22 27 29 32 32 32 32 24 26 28 32]
[32 32 32 30 32 32 32 32 32 32 32 32 32 32 32 32 32 32 32 32 32 32 32 32 32 32 32 32 32 32 32 32]
[32 32 32 32 31 32 32 32 32 32 32 32 32 27 32 32 32 32 32 32 32 31 32 32 32 32 32 32 32 32 32 32]
[32 28 28 26 32 32 32 32 28 27 27 30 26 29 27 31 32 27 24 21 23 24 32 32 30 32 32]
[32 23 20 21 30 31 30 27 27 30 29 32 31 28 25 31 32 32 32 32 32 28 27 28 27 32 27 27 32 32 32]
[32 32 32 32 25 25 27 32 30 32 32 32 21 23 28 32 32 32 32 24 28 28 29 32 31 32 32 29 26 28]
[26 29 32 28 28 32 28 31 32 26 27 29 30 32 32 30 26 28 30 32 30 24 32 31 30 27 26 29 30 31 31 32]
[27 30 27 31 30 26 31 32 32 31 32 30 27 32 31 28 32 30 31 27 30 32 32 28 28 29 28 30 32 26 32 32]
[28 29 32 29 31 30 26 27 31 32 32 32 32 29 22 30 32 32 30 26 32 26 28 32 29 32 32 25 27]
[27 30 30 32 32 29 29 32 28 32 27 30 32 32 30 27 29 31 32 32 27 30 32 30 32 27 32 27 30 32 32 32]
[30 31 26 25 32 31 32 23 26 31 32 25 22 30 31 32 24 23 30 31 32 23 24 30]
[32 32 32 32 32 32 32 32 32 32 32 32 32 32 32 32 32 32 32 32 32 32 31 32 32 32 32 32 32 32 32 32]
[32 32 19 26 32 32 32 32 32 23 28 24 32 32 32 32 32 22 27 32 30 32 32 29 27 21 26 32 32 32]
[32 26 28 28 32 31 29 30 31 29 32 27 27 31 29 26 28 31 31 32 32 31 30 29 27 30 26 30 30 27 27 28]
[28 31 32 32 28 32 27 32 32 27 26 32 29 28 32 32 24 30 29 26 32 31 32 22 28 26 32 32]
[32 27 25 32 32 32 31 28 28 32 32 32 32 31 24 23 26 31 32 30 30 28 31 28 32 32 24 25 29 32 32]
[30 30 30 32 30 26 31 32 31 32 27 31 31 30 28 29 32 28 32 32 32 32 30 26 32 32 32 26 27 30 30 29]
[28 32 19 32 32 28 25 32 29 32 32 32 20 27 28 28 32 32 27 26 32 32 32]
[31 32 27 32 29 32 32 32 32 30 30 30 27 32 29 31 32 30 32 25 32 30 26 32 28 32 32 25 32 32 32 32]
[29 32 32 32 32 25 31 30 31 32 26 32 31 32 27 28 32 31 32 26 28 29 31 32 31 32 32 31 32 29 25 32]
[30 32 31 30 31 26 32 28 32 32 30 32 26 32 31 32 30 27 32 22 32 32]
[32 28 26 32 32 32 32 25 32 32 32 30 31 32 28 32 30 32 32 27 32 31 32 32 25 32 28 32 32 28 32 32]
[32 32 32 32 32 32 32 32 32 29 26 32 32 32 32 32 31 29 32 32 31 32 30 32 32 32 32 32 21 27 32]
[32 32 27 32 32 22 32 29 30 32 32 31 32 32 27 32 32 30 32 32 29 32 32 28 32 32 32 30]
T26
